
PAGE 1
7,068
440
11
40
1,977
4,600
3,411
431
3,986
53
238
5,554
2,149
23,374
309
8,846
14,112
82,413
946
29,286
102
684
18,372
33,023
55
26
81
ache Cochise Coconino
25,083
15,343
9,095
86,421
1,015
28,483
227
734
33,061
22,901
56
516
41
88
13,148
253
3,594
9,242
34,258
353
9,318
232
7,484
16,833
39
51
38
23
5,374
51
14
1,290
4,016
20,375
198
5,354
16
121
4,138
10,540
21.14%
965
14
448
498
4,564
61
1,478
47
1,145
1,828
Gila Graham Greenlee La Paz Maricopa
Compiled and Issued by the Arizona Secretary of State
2026 Primary Election - Jul 21, 2026
STATE OF ARIZONA OFFICIAL CANVASS
Page 1
23.51%
11
2,638
63
566
2,002
166
3,753
10
68
1,805
5,417
11,219 2,540,618
13,006
29,002
6,248
25,267
12,718
43,709
31,347
26.49%
673,095
12,177
301,470
358,970
28,942
901,151
2,985
18,261
705,293
883,986
289
956
478
29.83%
44,569
1,006
22
104
7,983
35,454
149,407
1,447
45,046
17,756
84,061
Monave
48
129
960
20,860
352
8,884
11,571
72,918
769
20,478
432
22,797
28,392
Navajo
19
49
50
186,256
1,455
108,932
75,255
646,190
5,904
220,075
1,172
4,412
234,172
180,455
265
194
420
70,818
1,429
25,440
43,681
289,250
3,231
104,904
2,092
65,058
113,673
136
49
219
292
22.77%
7,447
69
13
5,552
1,811
32,699
232
12,585
159
13,629
6,071
Cruz
Santa
24
23
68,559
1,032
18,811
48,461
172,971
1,607
50,288
1,376
30,342
89,231
Yavapai
57
19
236
127
Report Date/Time:8/5/2026 3:41:38 PM
410
9,227
12,367
944
591
Yuma
16
57
83
22,077 1,181,331
109,840 4,306,554
44,000 1,490,185
28,904 1,210,510
35,318 1,523,886
13,006
29,002
6,248
25,267
12,718
43,709
31,347
1,786
27.43%
19,576
1,382
528,363
631,135
46,246
5,312
30,415
TOTAL
289
875

PAGE 2
24
,497
ache
2,786
1,064
5,548
11,556
Cochise Coconino
14,592
7,740
3,202
8,155
Gila
1,072
3,734
112
402
461
Graham Greenlee La Paz Maricopa
Compiled and Issued by the Arizona Secretary of State
2026 Primary Election - Jul 21, 2026
STATE OF ARIZONA OFFICIAL CANVASS
Page 2
5,951
2,287
26,082
8,292
5,195
40,457
31,570
981
35,551
21,544
39,431
571
37,553
519
437
96
11
Mohave
8,489
10,304
Navajo
39,565
13,644
195
65,097
52,361
Pima
271
447
6,191
8,369
4,715
1,411
976
11,895
5,284
9,734
14,840
Pinal
5,206
1,512
Cruz
Santa
17,369
44,077
Yavapai
132
Report Date/Time:8/5/2026 3:41:38 PM
5,525
2,980
Yuma
59,304
21,934
78,310
76,481
30,857
9,703
6,171
52,352
36,854
35,551
21,544
39,431
571
37,553
318
65,118
89,205
TOTAL
277
519
981
437
10

PAGE 3
149
163
),998
467
539
279
3,096
ache
105
8,541
55
16
1,774
1,195
643
9,967
Cochise Coconino
115
135
14,657
13
1,134
793
479
6,210
3,402
1,015
66
646
347
6,732
Gila
=
1,216
449
298
134
2,962
Graham Greenlee
N
403
48
56
23
353
Compiled and Issued by the Arizona Secretary of State
2026 Primary Election - Jul 21, 2026
STATE OF ARIZONA OFFICIAL CANVASS
Page 3
22
529
170
274
87
1,386
12
456
1,798
La Paz Maricopa
19,696
6,224
35,902
3,347
11,453
4,645
11,617
2,913
3,636
293,795
58,363
22,659
16,567
253,007
25,486
37,757
16,324
31,312
69,182
100
244
7,647
3,660
2,647
1,092
26,705
6,742
31,863
Mohave
160
228
80
137
8,352
1,277
926
456
8,545
Navajo
106,272
289
411
8,903
5,796
3,995
53,828
82
79
Pima
289
338
24,732
4,451
2,809
1,488
33,760
25
Pinal
17
14
5,156
200
195
94
1,218
Cruz
Santa
17,265
41,322
150
213
18,275
5,042
2,898
1,884
37,152
Yavapai
10
Report Date/Time:8/5/2026 3:41:38 PM
112
10
8,575
1,331
1,140
458
8,898
3,016
7,918
Yuma
90
19,696
35,902
3,347
11,453
4,645
11,617
17,722
41,659
4,384
5,596
512,550
88,284
42,871
28,026
453,819
6,224
430
35,700
79,336
16,324
31,312
69,182
202
TOTAL

PAGE 4
,455
,048
,709
ache
Cochise@
Coconino
3,742
3,138
2,976
7,183
3,767
2,913
7,883
132
118
19
-
39
Gila Graham Greeniee
Compiled and Issued by the Arizona Secretary of State
2026 Primary Election - Jul 21, 2026
STATE OF ARIZONA OFFICIAL CANVASS
Page 4
La Paz Maricopa
17,165
20,222
445
22,070
12,905
3,435
14,094
23,256
12,161
10,538
3,928
12,981
21,771
22,545
25,102
572
303
Mohave
26
2,004
8,532
2,817
3,585
1,344
Navajo
Pima
483
933
5,552
10,479
Pinal
Cruz
Santa
Yavapai
Report Date/Time:8/5/2026 3:41:38 PM
Yuma
17,165
20,222
22,070
12,905
3,435
14,577
24,189
12,161
10,538
3,928
12,981
572
14,211
30,032
12,468
15,987
8,872
303
21,771
22,545
25,102
TOTAL
445

PAGE 5
ache
1,503
11,774
717
998
Cochise Coconino
Gila
85
3,678
471
Graham Greenlee La Paz Maricopa
Compiled and Issued by the ArizonaSecretary of State
2026 Primary Election - Jul 21, 2026
STATE OF ARIZONA OFFICIAL CANVASS
Page 5
4,176
4,486
10,499
7,691
16,221
13,317
21,255
89
Mohave
Navajo
3,154
1,205
12,831
5,922
10,584
11,184
921
8,807
28,891
15,215
25,446
17,498
10,576
4,146
3,012
Pima
2,325
2,297
1,096
10,004
13,990
4,636
10,170
Pinal
55
4,586
1,146
126
385
Cruz
Santa
Yavapai
Report Date/Time:8/5/2026 3:41:38 PM
5,041
2,872
Yuma
12,426
8,563
10,499
18,920
7,785
10,584
11,184
2,145
25,115
28,891
15,215
27,771
19,795
11,672
14,239
17,012
12,327
26,391
13,317
21,255
TOTAL

PAGE 6
ache
Cochise Coconino
454
88
268
Gila Graham Greenlee
---
Compiled and Issued by the Arizona Secretary of State
2026 Primary Election - Jul 21, 2026
STATE OF ARIZONA OFFICIAL CANVASS
Page 6
1,767
La Paz Maricopa
14,490
1,845
13,407
1,394
14,015
21,466
18,256
32,411
12,382
8,536
8,240
7,994
3,153
8,195
14,223
9,938
4,066
31,908
Mohave
Navajo
Pima
Pinal
Cruz
Santa
17,005
11,986
32,963
33,100
Yavapai
661
Report Date/Time:8/5/2026 3:41:38 PM
3,182
8,220
Yuma
14,490
1,845
13,407
17,459
12,074
33,231
33,391
35,730
14,015
21,466
18,256
32,411
12,382
8,536
8,240
7,994
3,153
11,377
22,443
9,938
4,066
TOTAL

PAGE 7
5,655
5,420
3,193
ache
Cochise Coconino
3,729
834
1,090
1,682
2,317
3,743
6,673
5,659
2,939
2,150
3,554
3,732
5,367
69
167
127
30
72
58
Gila Graham Greenlee La Paz Maricopa
Compiled and Issued by the Arizona Secretary of State
2026 Primary Election - Jul 21, 2026
STATE OF ARIZONA OFFICIAL CANVASS
Page 7
17,403
19,718
20,079
18,762
20,955
9,717
15,572
14,509
18,522
8,863
18,046
18,713
23,165
Mohave
18
16
2,013
2,114
3,367
4,589
6,260
2,563
3,973
2,399
Navajo
Pima
5,627
4,013
3,902
4,969
5,460
Pinal
Cruz
Santa
Yavapai
Report Date/Time:8/5/2026 3:41:38 PM
Yuma
14,308
9,111
11,913
14,972
19,404
12,067
17,323
11,452
17,403
19,718
20,079
18,762
20,955
9,717
15,572
14,509
18,522
8,863
18,046
18,713
23,165
TOTAL

PAGE 8
ache
Cochise Coconino
Gila
Compiled and Issued by the Arizona Secretary of State
2026 Primary Election - Jul 21, 2026
STATE OF ARIZONA OFFICIAL CANVASS
Page 8
Graham Greenlee La Paz Maricopa Mohave
12,972
15,298
12,594
7,992
15,729
18,942
18,683
13,668
11,424
10,446
2,946
2,574
12,430
10,100
14,546
18,573
8,910
9,290
11,252
251
10,441
7,629
12,315
505
9,015
6,883
26
Navajo
Pima
11
432
328
540
610
393
Pinal
Cruz
Santa
Yavapai
Report Date/Time:8/5/2026 3:41:38 PM
Yuma
12,972
15,298
12,594
7,992
15,729
18,942
18,683
13,668
11,424
10,446
2,946
2,574
516
12,862
10,428
15,086
19,183
9,303
9,290
11,252
10,441
7,629
12,315
9,015
6,883
TOTAL
251

PAGE 9
ache
5,168
5,192
9,524
7,249
4,500
Cochise Coconino
828
888
3,024
2,177
1,287
315
339
391
284
155
Gila Graham Greenlee La Paz Maricopa
Compiled and Issued by the Arizona Secretary of State
2026 Primary Election - Jul 21, 2026
STATE OF ARIZONA OFFICIAL CANVASS
Page 9
13,671
13,367
13,281
8,424
15,868
17,364
90
Mohave
Navajo
12,240
6,059
12,532
7,290
6,778
6,715
6,261
4,391
4,489
23,557
27,096
15,044
21,462
21,993
19,212
204
19,389
4,168
2,042
2,530
Pima
1,831
2,116
2,508
2,278
10,253
11,158
11,434
7,541
8,740
Pinal
322
206
Cruz
Santa
Yavapai
Report Date/Time:8/5/2026 3:41:38 PM
Yuma
12,240
6,059
12,532
7,290
13,430
13,456
19,490
14,307
10,601
23,557
27,096
15,044
23,293
24,109
21,720
21,667
14,511
13,205
13,973
21,212
22,107
13,281
8,424
15,868
17,364
TOTAL
204

PAGE 10
ache
397
709
728
Cochise Coconino
Gila
Graham Greenlee La Paz Maricopa
Compiled and Issued by the Arizona Secretary of State
2026 Primary Election - Jul 21, 2026
STATE OF ARIZONA OFFICIAL CANVASS
Page 10
8,144
10,850
12,320
2,666
7,468
1,628
6,930
3,987
3,228
1,333
1,178
2,024
3,649
3,291
5,392
5,682
1,597
1,898
4,846
116
118
Mohave
Navajo
1
1,898
1,472
834
1,244
874
864
6,189
6,259
4,080
6,836
5,983
Pima
18
61
14
Pinal
1,335
1,643
2,499
2,660
1,119
Cruz
Santa
Yavapai
Report Date/Time:8/5/2026 3:41:38 PM
3,213
5,908
6,611
3,402
1,110
2,070
2,443
2,385
1,922
Yuma
11,357
16,758
18,931
2,666
7,468
1,628
6,930
3,987
8,546
3,976
4,096
5,719
6,908
6,077
5,392
5,682
1,597
1,898
4,846
8,395
8,677
6,976
10,205
7,830
TOTAL
116
118

PAGE 11
0,616
1,662
2,422
ache
15
8,225
5,813
7,403
Cochise Coconino
13,844
14
3,321
4,559
3,289
3,611
4,538
1,176
1,593
2,044
Gila Graham Greenlee
405
194
276
Compiled andIssued by the Arizona Secretary of State
2026 Primary Election - Jul 21, 2026
STATE OF ARIZONA OFFICIAL CANVASS
Page 11
495
714
1,141
497
260
1,042
254
586
875
La Paz Maricopa
285,255
129,017
199,803
104
230
345
161
745
228
437
902
14,068
16,747
18,695
13,352
15,901
11,819
25,694
23,982
12,510
12,442
13,796
6,040
7,242
2,639
2,448
10
15
7,272
13,094
19,127
6,998
3,318
15,780
5,943
11,068
18,919
Monave
7,999
4,736
5,717
Navajo
103,328
26,161
42,874
81
Pima
83
23,973
17,535
22,927
23
Pinal
5,048
590
1,029
Cruz
Santa
17,464
19,212
25,105
Yavapai
11
135
48
336
140
176
450
Report Date/Time:8/5/2026 3:41:38 PM
8,343
4,733
6,710
Yuma
496,732
231,986
345,675
7,975
3,787
17,903
6,565
12,267
21,146
14,068
16,747
18,695
13,352
15,901
11,819
25,694
23,982
12,510
12,442
13,796
6,040
7,242
2,639
2,448
TOTAL
217
421
10

PAGE 12
5,670
,174
2,171
1,564
2,240
),510
3,603
,017
3,934
,965
,426
),449
,097
,065
,675
,293
,933
ache
7,229
6,128
8,037
6,954
6,016
8,067
12,237
6,450
1,668
6,629
6,992
8,254
7,105
6,134
8,457
6,612
6,789
Cochise Coconino
11,664
10,973
4,590
3,937
3,605
13,774
6,833
10,706
3,403
4,386
4,203
14,014
4,512
3,598
14,494
4,574
3,664
10
2,806
2,631
4,718
4,286
4,007
3,191
7,419
2,673
610
4,396
4,331
3,214
4,608
3,604
3,324
4,518
3,887
Gila
1,028
889
2,322
1,972
1,812
1,160
3,467
979
217
2,180
1,722
1,169
2,024
1,688
1,205
2,160
1,614
Graham Greenlee
351
309
286
258
235
405
443
351
65
228
263
400
268
205
404
251
Compiled and Issued by the Arizona Secretary of State
2026 Primary Election - Jul 21, 2026
STATE OF ARIZONA OFFICIAL CANVASS
Page 12
410
331
1,000
859
847
497
1,731
387
117
870
1,029
492
885
966
516
904
966
La Paz Maricopa
250,379
216,834
183,895
158,988
177,769
273,317
295,737
225,351
55,353
190,592
154,649
276,460
187,014
141,400
288,010
197,534
138,848
109
6,068
5,049
16,113
14,513
17,677
7,068
30,296
5,407
1,789
16,597
16,916
7,236
17,967
15,010
7,386
16,538
16,922
Mohave
5,702
5,737
5,745
4,738
6,165
7,976
9,585
5,783
2,398
5,810
5,292
7,974
6,062
4,561
8,215
6,210
4,668
Navajo
93,811
82,108
39,906
35,108
31,857
101,517
63,830
81,731
20,760
36,598
35,871
102,501
38,624
30,974
104,480
37,388
33,882
80
Pima
20,074
17,089
23,453
20,087
19,722
22,996
37,435
19,121
4,600
20,351
21,587
23,430
23,452
17,085
24,240
22,702
18,546
Pinal
4,126
3,416
932
833
646
4,817
1,488
4,134
881
784
903
4,860
881
792
5,029
846
856
Cruz
Santa
15,435
13,844
25,674
23,031
21,708
16,676
40,662
13,742
3,385
25,216
21,088
17,235
25,591
19,066
17,832
25,272
20,070
Yavapai
Report Date/Time:8/5/2026 3:41:38 PM
6,856
5,413
6,187
5,998
5,013
7,962
10,581
6,839
1,626
5,785
6,061
8,105
5,854
5,644
8,243
6,153
5,294
Yuma
432,609
377,925
325,029
283,126
299,319
479,933
525,347
390,671
100,806
322,387
283,333
485,793
326,944
252,792
502,510
333,955
258,173
TOTAL
213

PAGE 13
(0)
Adrian Fontes
Secretary of State
county in the State of Arizona.
2026 PRIMARY ELECTION OFFICIAL CANVASS CERTIFICATION
Compiled and Issued by the Arizona Secretary of State
2026 Primary Election - Jul 21, 2026
STATE OF ARIZONA OFFICIAL CANVASS
Page 13
Ad. Ptott
of the State of Arizona, this 6th day of August, 2026, at the Capitol, in Phoenix.
as shown by the tabulations received from the Boards of Supervisors of each
and state office in the election and the number of votes received for each person,
Primary Election held in the State of Arizona on the 21st day of July, 2026. This
canvass is a true, correct and complete tabulation of the votes cast at the 2026
1, Adrian Fontes, Arizona Secretary of State, do hereby certify that the foregoing
IN WITNESS WHEREOF, I have hereunto set my hand and affixed the Great Seal
canvass displays the name of each person who appeared on the ballot for a federal
Report Date/Time:8/5/2026 3:41:38 PM
