
PAGE 1
Page 1
289
289
13,006
13,006
--
29,002
29,002
--
6,248
6,248
.--
25,267
--
25,267
12,718
12,718
--
43,709
43,709
31,347
31,347
1
1,786
47
57
24
136
265
19
48
956
11
6
23
39
56
55
44
27.43%
20.10%
39.64%
22.77%
24.48%
28.82%
28.61%
29.83%
26.49%
23.51%
21.14%
26.38%
38.38%
29.02%
28.36%
.96%
22,077 1,181,331
68,559
7,447
70,818
186,256
20,860
44,569
673,095
2,638
965
5,374
13,148
25,083
23,374
,068
19,576
410
1,032
69
1,429
1,455
352
1,006
12,177
63
14
51
253
516
309
440
875
16
19
2
49
194
4
22
478
8
41
26
11
1,382
57
236
13
219
420
49
104
6
4
14
51
88
81
40
528,363
9,227
18,811
5,552
25,440
108,932
8,884
7,983
301,470
566
448
1,290
3,594
15,343
8,846
1,977
631,135
12,367
48,461
1,811
43,681
75,255
11,571
35,454
358,970
2,002
498
4,016
9,242
9,095
14,112
1,600
109,840 4,306,554
172,971
32,699
289,250
646,190
72,918
149,407
11,219 2,540,618
4,564
20,375
34,258
86,421
82,413
,411
46,246
944
1,607
232
3,231
5,904
769
1,447
28,942
166
61
198
353
1,015
946
431
44,000 1,490,185
50,288
12,585
104,904
220,075
20,478
45,046
901,151
3,753
1,478
5,354
9,318
28,483
29,286
3,986
5,312
83
127
23
292
1,172
50
129
2,985
10
5
16
38
227
102
53
30,415
591
1,376
159
2,092
4,412
432
968
18,261
68
47
121
232
734
684
238
28,904 1,210,510
30,342
13,629
65,058
234,112
22,797
17,756
705,293
1,805
1,145
4,138
7,484
33,061
18,372
,554
35,318 1,523,886
89,231
6,071
113,673
180,455
28,392
84,061
883,986
5,417
1,828
10,548
16,833
22,901
33,023
,149
TOTAL
Yuma
Yavapai
Cruz
Pinal
Pima
Navajo
Monave
La Paz Maricopa
Greenlee
Graham
Gila
Coconino
Cochise
ache
Santa
Compiled and Issued by the Arizona Secretary of State
2026 Primary Election - Jul 21, 2026
Report Date/Time:8/5/2026 3:41:38 PM
STATE OF ARIZONA OFFICIAL CANVASS

PAGE 2
Page 2
59,304
5,525
5,206
271
39,565
5,951
--
2,786
21,934
2,980
1,512
447
13,644
2,287
1,064
7
29
24
0
0
277
27
195
7
46
78,310
6,191
65,097
1,072
5,548
76,481
8,369
52,361
461
3,734
11,556
30,857
4,775
26,082
9,703
1,411
8,292
6,171
976
5,195
52,352
---
11,895
--
40,457
36,854
5,284
31,570
519
-
519
--
981
981
35,551
---
35,551
21,544
21,544
39,431
39,431
571
571
5
-
5
-
37,553
--
37,553
437
437
10
1
0
0
2
318
132
60
30
0
0
0
22
50
|111
65,118
17,369
9,734
8,489
96
112
3,202
14,592
89,205
-
44,077
14,840
10,304
27
11
7
8,155
7,740
2
TOTAL
Yuma
Yavapai
Cruz
Pinal
Pima
Navajo
Mohave
La Paz Maricopa
Graham Greenlee
Gila
Cochise Coconino
ache
Santa
Compiled and Issued by the Arizona Secretary of State
2026 Primary Election -Jul 21, 2026
Report Date/Time:8/5/2026 3:41:38 PM
STATE OF ARIZONA OFFICIAL CANVASS

PAGE 3
Page 3
19,696
19,696
6,224
6,224
35,902
35,902
3,347
3,347
11,453
11,453
4,645
4,645
11,617
11,617
17,722
17,265
41,659
41,322
4,384
90
150
17
289
289
80
160
2,913
2
16
115
55
149
5,596
112
213
14
338
411
137
228
3,636
5
11
135
105
163
4
0
0
0
0
0
0
4
0
0
202
2
0
0
82
100
4
0
0
0
1
0
1
0
430
10
10
2
25
79
3
12
244
6
13
16
512,550
8,575
18,275
5,156
24,732
106,272
8,352
7,647
293,795
529
403
1,216
3,402
14,657
8,541
,998
88,284
1,331
5,042
200
4,451
8,903
1,277
3,660
58,363
170
48
449
1,015
1,134
1,774
467
42,871
1,140
2,898
195
2,809
5,796
926
2,647
22,659
274
56
298
646
793
1,195
539
28,026
458
1,884
94
1,488
3,995
456
1,092
16,567
87
23
134
347
479
643
279
453,819
8,898
37,152
1,218
33,760
53,828
8,545
26,705
253,007
1,386
353
2,962
6,732
6,210
9,967
,096
35,700
3,016
---
6,742
25,486
456
--
79,336
7,918
---
31,863
37,757
1,798
--
9
16,324
16,324
---
31,312
31,312
---
69,182
-
-
-
69,182
---
8
TOTAL
Yuma
Yavapai
Cruz
Pinal
Pima
Navajo
Mohave
Graham Greenlee La Paz Maricopa
Gila
Cochise Coconino
ache
Santa
Compiled and Issued by the Arizona Secretary of State
2026 Primary Election - Jul 21, 2026
Report Date/Time:8/5/2026 3:41:38 PM
STATE OF ARIZONA OFFICIAL CANVASS

PAGE 4
Page 4
17,165
17,165
20,222
20,222
445
445
22,070
22,070
12,905
---
12,905
3,435
3,435
14,577
-
483
14,094
24,189
933
23,256
12,161
12,161
10,538
10,538
3,928
3,928
12,981
12,981
572
572
14,211
--
5,552
2,004
---
2,913
3,742
30,032
10,479
8,532
--
7,883
3,138
12,468
0
2,817
17
--
71
132
2,976
,455
15,987
-
0
3,585
14
39
118
7,183
,048
8,872
0
1,344
26
7
19
3,767
,709
303
-
303
---
--
21,771
-
21,771
22,545
22,545
25,102
-
25,102
TOTAL
Yuma
Yavapai
Cruz
Pinal
Pima
Navajo
Monave
LaPaz Marcopa
Graham Greenlee
Gila
Cochise Coconino
acne
Santa
Compiled and Issued by the Arizona Secretary of State
2026 Primary Election -Jul 21, 2026
Report Date/Time:8/5/2026 3:41:38 PM
STATE OF ARIZONA OFFICIAL CANVASS

PAGE 5
Page 5
12,426
5,041
55
3,154
4,176
8,563
2,872
-
0
1,205
4,486
10,499
--
10,499
18,920
4,586
12,831
1,503
7,785
1,146
5,922
717
10,584
10,584
-
11,184
11,184
2,145
126
--
921
15
85
998
25,115
385
8,807
28,891
28,891
15,215
15,215
27,771
2,325
25,446
19,795
---
2,297
17,498
| 1 |
| | |
1 11
1 | I
11,672
1,096
10,576
14,239
-
---
10,004
4,146
17,012
13,990
3,012
12,327
-
4,636
7,691
26,391
-
10,170
16,221
13,317
13,317
21,255
-
-
-
-
21,255
TOTAL
Yuma
Yavapai
Cruz
Pinal
Pima
Navajo
Mohave
La Paz Maricopa
Graham Greenlee
Gila
Cochise Coconino
ache
Santa
Compiled and Issued by the Arizona Secretary of State
2026 Primary Election - Jul 21, 2026
Report Date/Time:8/5/2026 3:41:38 PM
STATE OF ARIZONA OFFICIAL CANVASS

PAGE 6
Page 6
14,490
14,490
1,845
1,845
13,407
13,407
17,459
17,005
12,074
11,986
33,231
32,963
--
---
33,391
33,100
--
35,730
661
31,908
1,394
1,767
14,015
14,015
21,466
21,466
18,256
18,256
32,411
32,411
12,382
--w
12,382
8,536
8,536
1 1 1
--
8,240
8,240
7,994
-
7,994
3,153
3,153
11,377
3,182
--
-
8,195
22,443
8,220
14,223
0
---
0
9,938
--
9,938
1 |1
1 |!
4,066
-
-
-
4,066
TOTAL
Yuma
Yavapai
Cruz
Pinal
Pima
Navajo
Mohave
La Paz Maricopa
Graham Greenlee
Gila
Cochise Coconino
acne
Santa
Compiled and Issued by the Arizona Secretary of State
2026 Primary Election - Jul 21, 2026
ReportDate/Time:8/5/20263:41:38 PM
STATE OF ARIZONA OFFICIAL CANVASS

PAGE 7
Page 7
1
--
0
0
14,308
5,627
2,013
2,939
3,729
9,111
4,013
2,114
2,150
834
11,913
3,902
3,367
3,554
1,090
14,972
4,969
4,589
3,732
1,682
19,404
---
5,460
6,260
5,367
2,317
0
7
12,067
2,563
30
69
3,743
,655
17,323
3,973
18
72
167
6,673
,420
11,452
0
2,399
16
58
127
5,659
,193
17,403
---
17,403
.--
19,718
19,718
20,079
20,079
18,762
18,762
20,955
--
20,955
9,717
9,717
15,572
--
15,572
7
-
14,509
14,509
18,522
-
18,522
8,863
-
---
--
8,863
18,046
-
18,046
18,713
18,713
|I 1
23,165
-
23,165
TOTAL
Yuma
Yavapai
Cruz
Pinal
Pima
Navajo
Mohave
Graham Greenlee La Paz Maricopa
Gila
Cochise Coconino
ache
Santa
Compiled and Issued by the Arizona Secretary of State
2026 Primary Election - Jul 21, 2026
Report Date/Time:8/5/2026 3:41:38 PM
STATE OF ARIZONA OFFICIAL CANVASS

PAGE 8
Page 8
12,972
12,972
15,298
15,298
12,594
12,594
7,992
7,992
15,729
15,729
18,942
18,942
18,683
18,683
13,668
13,668
11,424
11,424
10,446
10,446
2,946
2,946
2,574
2,574
516
--
11
--
505
32
--
6
26
12,862
432
12,430
10,428
328
10,100
1IIIII1
15,086
540
14,546
19,183
610
18,573
1 /
9,303
393
8,910
9,290
9,290
11,252
11,252
1111
1111
251
--
251
10,441
10,441
7,629
.--
7,629
12,315
-
12,315
1111
||11
9,015
9,015
6,883
-
-
-
-
6,883
TOTAL
Yuma
Yavapai
Cruz
Pinal
Pima
Navajo
Mohave
La Paz Maricopa
Greenlee
Graham
Gila
Cochise Coconino
ache
Santa
Compiled and Issued by the Arizona Secretary of State
2026 Primary Election - Jul 21, 2026
Report Date/Time:8/5/2026 3:41:38 PM
STATE OF ARIZONA OFFICIAL CANVASS

PAGE 9
Page 9
12,240
12,240
--
6,059
--
6,059
12,532
--
12,532
--
--
7,290
7,290
---
204
204
13,430
341
6,778
315
828
5,168
13,456
322
6,715
339
888
5,192
19,490
--
290
6,261
391
3,024
9,524
14,307
206
4,391
284
2,177
7,249
10,601
170
4,489
155
1,287
--
4,500
23,557
23,557
-
27,096
--
27,096
15,044
-
-
15,044
-
23,293
1,831
21,462
24,109
2,116
21,993
1||1
21,720
2,508
19,212
21,667
2,278
19,389
14,511
10,253
4,168
13,205
-
---
11,158
2,042
--
5
|11
-
13,973
-
11,434
2,530
21,212
--
---
7,541
13,671
22,107
-
8,740
13,
13,281
--
8,424
11I1
IIIl
IIII
15,868
--
15,868
17,364
-
-
-
-
17,364
TOTAL
Yuma
Yavapai
Cruz
Pinal
Pima
Navajo
Mohave
La Paz Maricopa
Graham Greenlee
Gila
Cochise Coconino
ache
Santa
Compiled and Issued by the Arizona Secretary of State
2026 Primary Election - Jul 21, 2026
Report Date/Time:8/5/2026 3:41:38 PM
STATE OF ARIZONA OFFICIAL CANVASS

PAGE 10
Page 10
11,357
3,213
8,144
16,758
5,908
10,850
18,931
6,611
12,320
2,666
2,666
7,468
7,468
1,628
1,628
6,930
6,930
3,987
3,987
8,546
3,402
18
1,898
3,228
3,976
1,110
61
1,472
1,333
--
4,096
2,070
14
834
1,178
5,719
2,443
--
1,244
2,024
.--
6,908
2,385
0
874
3,649
6,077
1,922
0
864
3,291
5,392
-
--
5,392
5,682
--
---
5,682
1,597
-
1,597
1,898
1,898
4,846
4,846
116
-
116
118
118
8,395
1,335
6,189
--
8,677
1,643
6,259
6,976
2,499
4,080
10,205
2,660
6,836
7,830
-
-
1,119
5,983
TOTAL
Yuma
Yavapai
Cruz
Pinal
Pima
Navajo
Mohave
La Paz Maricopa
Graham Greenlee
Gila
Cochise Coconino
ache
Santa
Compiled and Issued by the Arizona Secretary of State
2026 Primary Election -Jul 21, 2026
Report Date/Time:8/5/2026 3:41:38 PM
STATE OF ARIZONA OFFICIAL CANVASS

PAGE 11
Page 11
217
2
1
4
83
104
0
0
0
0
14
7
421
8
11
2
23
81
3
15
230
0
1
6
14
15
9
496,732
8,343
17,464
5,048
23,973
103,328
7,999
7,272
285,255
495
405
1,176
3,289
13,844
8,225
),616
231,986
4,733
19,212
590
17,535
26,161
4,736
13,094
129,017
714
194
1,593
3,611
3,321
5,813
,662
345,675
6,710
25,105
1,029
22,927
42,874
5,717
19,127
199,803
1,141
276
2,044
4,538
4,559
7,403
,422
7,975
135
6,998
345
497
--
3,787
48
3,318
161
260
17,903
336
15,780
745
1,042
--
6,565
140
5,943
228
254
12,267
176
11,068
437
586
21,146
450
18,919
902
875
14,068
-
--
14,068
---
16,747
---
16,747
-
18,695
--
18,695
13,352
13,352
15,901
15,901
11,819
11,819
11|I1
25,694
25,694
23,982
--
23,982
12,510
12,510
12,442
---
12,442
13,796
13,796
10
10
6,040
6,040
7,242
7,242
1IIII
1IIIi
2,639
--
2,639
2,448
-
-
-
2,448
TOTAL
Yuma
Yavapai
Cruz
Pinal
Pima
Navajo
Monave
La Paz Maricopa
Graham Greenlee
Gila
Cochise Coconino
ache
Santa
Compiled and Issued by the Arizona Secretary of State
2026 Primary Election - Jul 21, 2026
ReportDate/Time:8/5/2026 3:41:38 PM
STATE OF ARIZONA OFFICIAL CANVASS

PAGE 12
Page 12
213
2
0
0
4
80
0
1
109
0
0
10
1
432,609
6,856
15,435
4,126
20,074
93,811
5,702
6,068
250,379
410
351
1,028
2,806
11,664
7,229
,670
377,925
5,413
13,844
3,416
17,089
82,108
5,737
5,049
216,834
331
309
889
2,631
10,973
6,128
,174
325,029
6,187
25,674
932
23,453
39,906
5,745
16,113
183,895
1,000
286
2,322
4,718
4,590
8,037
,171
283,126
5,998
23,031
833
20,087
35,108
4,738
14,513
158,988
859
258
1,972
4,286
3,937
6,954
564
299,319
5,013
21,708
646
19,722
31,857
6,165
17,677
177,769
847
235
1,812
4,007
3,605
6,016
,240
479,933
7,962
16,676
4,817
22,996
101,517
7,976
7,068
273,317
497
405
1,160
3,191
13,774
8,067
,510
525,347
10,581
40,662
1,488
37,435
63,830
9,585
30,296
295,737
1,731
443
3,467
7,419
6,833
12,237
,603
390,671
6,839
13,742
4,134
19,121
81,731
5,783
5,407
225,351
387
351
979
2,673
10,706
6,450
,017
100,806
1,626
3,385
881
4,600
20,760
2,398
1,789
55,353
117
65
217
610
3,403
1,668
,934
322,387
5,785
25,216
784
20,351
36,598
5,810
16,597
190,592
870
228
2,180
4,396
4,386
6,629
,965
283,333
6,061
21,088
903
21,587
35,871
5,292
16,916
154,649
1,029
263
1,722
4,331
4,203
6,992
,426
485,793
8,105
17,235
4,860
23,430
102,501
7,974
7,236
276,460
492
400
1,169
3,214
14,014
8,254
,449
326,944
5,854
25,591
881
23,452
38,624
6,062
17,967
187,014
885
268
2,024
4,608
4,512
7,105
,097
252,792
5,644
19,066
792
17,085
30,974
4,561
15,010
141,400
966
205
1,688
3,604
3,598
6,134
,065
502,510
8,243
17,832
5,029
24,240
104,480
8,215
7,386
288,010
516
404
1,205
3,324
14,494
8,457
,675
333,955
6,153
25,272
846
22,702
37,388
6,210
16,538
197,534
904
251
2,160
4,518
4,574
6,612
293
258,173
5,294
20,070
856
18,546
33,882
4,668
16,922
138,848
966
3,887 1,614 234
3,664
6,789
933
TOTAL
Yuma
Yavapai
Cruz
Pinal
Pima
Navajo
Mohave
La Paz Maricopa
Graham Greenlee
Gila
Cochise Coconino
ache
Santa
Compiled and issued by the Arizona Secretary of State
2026 Primary Election - Jul 21, 2026
Report Date/Time:8/5/2026 3:41:38 PM
STATE OF ARIZONA OFFICIAL CANVASS

PAGE 13
Page 13
Secretary of State
Adrian Fontes
Ad.Ptott
of the State of Arizona, this 6th day of August, 2026, at the Capitol, in Phoenix.
IN WITNESS WHEREOF, I have hereunto set my hand and affixed the Great Seal
county in the State of Arizona.
as shown by the tabulations received from the Boards of Supervisors of each
and state office in the election and the number of votes received for each person,
canvass displays the name of each person who appeared on the ballot for a federal
Primary Election held in the State of Arizona on the 21st day of July, 2026. This
canvass is a true, correct and complete tabulation of the votes cast at the 2026
1, Adrian Fontes, Arizona Secretary of State, do hereby certify that the foregoing
2026 PRIMARY ELECTION OFFICIAL CANVASS CERTIFICATION
Compiled and Issuedby the Arizona Secretary of State
2026 Primary Election - Jul 21, 2026
Report Date/Time:8/5/2026 3:41:38 PM
STATE OF ARIZONA OFFICIAL CANVASS
